1:4,3,1,3,6,8,6,2,7,8,3,1,4,2,7,8,9,3,6,4,5,1,6,4,4,6,5,9,3,2
2:3,4,1,9,8,3,7,5,2,3,9,3,9,4,1,6,9,3,5,6,9,9,9,2,7,9,8,3,4,2
3:1,6,8,4,5,5,1,1,3,7,6,7,8,8,9,6,5,2,1,8,5,2,1,6,1,3,6,3,8,6
4:7,2,3,2,9,9,4,6,3,7,5,9,8,8,2,4,4,7,9,6,5,9,7,1,1,9,5,4,2,2
5:5,3,4,8,9,7,7,2,5,6,1,5,9,5,5,3,4,2,3,8,2,2,5,2,5,5,4,5,4,6
6:7,2,2,7,5,1,3,3,6,2,1,9,1,4,5,9,2,8,3,7,7,8,6,2,2,8,8,2,4,8
7:8,2,2,1,2,4,7,5,1,8,7,1,2,1,6,2,6,2,2,3,5,7,8,3,6,9,4,9,2,5
8:9,9,2,7,3,3,3,3,3,6,3,9,5,1,9,8,1,4,9,4,6,3,3,5,6,7,4,4,6,4
9:6,5,9,1,8,8,3,1,7,8,7,6,4,5,2,9,2,7,9,9,5,3,4,2,3,1,8,6,6,6
10:6,3,1,5,5,9,7,7,5,1,1,9,5,3,2,5,4,3,1,5,8,4,6,8,5,3,7,5,7,2
11:1,3,3,4,6,3,6,2,7,2,7,2,4,1,7,4,6,1,8,6,6,8,2,8,2,1,5,8,1,9
12:5,8,8,3,9,8,7,5,8,8,3,4,1,9,1,6,6,9,9,1,6,7,6,3,9,8,9,9,6,9
13:3,6,8,4,7,6,4,4,7,9,7,7,8,9,4,2,6,6,5,4,3,1,5,6,3,5,9,4,4,6
14:6,2,3,2,1,5,7,8,3,6,1,8,4,1,7,7,4,9,5,4,2,1,1,5,6,2,1,3,8,8
15:8,4,4,9,3,3,6,7,2,9,5,8,5,7,5,7,4,7,2,4,2,1,8,2,8,2,1,8,4,8
16:5,8,3,9,7,8,4,3,8,2,1,3,7,8,8,8,6,5,9,6,5,4,2,9,4,7,4,6,5,3
17:3,1,9,2,1,1,9,3,8,4,6,8,9,4,5,9,5,7,8,8,2,1,9,1,5,6,3,1,3,6
18:2,3,3,6,6,7,3,1,5,9,7,9,2,4,5,4,3,6,5,9,7,5,4,6,2,7,4,8,2,9
19:8,6,4,4,9,8,8,8,9,5,9,9,2,7,4,9,9,1,2,9,8,7,8,7,5,5,6,6,3,2
20:7,1,9,3,5,9,2,2,8,5,3,4,1,4,8,1,5,3,4,8,8,6,9,5,3,2,5,5,4,6
21:1,3,7,1,8,5,7,1,9,1,6,9,6,2,2,6,3,2,7,1,9,5,9,2,2,7,6,1,8,2
22:2,7,6,6,5,3,5,8,6,8,6,4,1,4,9,2,3,9,6,7,6,4,4,5,9,4,3,5,3,6
23:1,2,6,3,8,5,5,5,4,5,1,2,9,7,6,2,2,2,5,1,4,7,6,7,6,5,2,2,8,7
24:6,5,9,1,8,8,3,1,7,8,7,6,4,5,2,9,2,7,9,9,5,3,4,2,3,1,8,6,6,4
25:7,1,6,6,2,6,2,8,4,6,6,2,5,1,2,6,4,7,4,1,5,9,8,7,8,6,6,1,3,4
26:5,5,6,9,6,4,9,8,4,9,1,4,5,9,7,9,5,3,6,8,8,2,8,6,1,6,5,9,5,4
27:7,1,9,3,5,9,2,2,8,5,3,4,1,4,8,1,5,3,4,8,8,6,9,5,3,2,5,5,4,6
28:1,5,5,9,8,8,7,1,3,2,1,8,9,7,4,5,7,7,5,3,9,4,7,1,9,6,3,8,5,1
29:1,5,6,2,1,6,7,8,8,5,2,1,1,6,1,1,8,3,6,7,6,6,2,5,2,1,7,6,2,2
30:8,2,2,1,2,4,7,5,1,8,7,1,2,1,6,2,6,2,2,3,5,7,1,3,6,9,4,9,2,5
31:2,5,1,3,9,6,3,4,7,8,6,8,4,7,4,7,3,6,7,7,1,8,5,5,3,1,8,6,4,5
32:8,1,2,5,6,7,3,7,2,9,8,6,8,7,7,6,7,2,2,5,6,5,2,7,5,6,4,1,4,9
33:5,5,2,4,8,9,9,9,2,1,9,5,9,9,3,2,6,4,7,9,2,5,1,2,1,8,8,2,6,6
34:2,4,7,3,6,3,5,4,5,3,4,6,7,7,4,1,3,3,6,8,6,4,1,1,8,3,5,3,5,2
35:2,5,8,1,6,9,7,9,9,1,8,3,3,6,9,7,6,7,1,6,8,7,8,4,3,2,9,1,3,3
36:4,2,1,3,9,7,1,7,5,5,8,9,1,7,3,3,1,3,2,8,4,1,4,4,2,9,8,8,2,1
37:1,8,6,7,5,7,1,2,3,1,6,6,6,2,9,5,4,6,6,4,4,5,4,2,1,4,2,8,8,1
38:3,7,1,8,3,4,1,7,8,4,7,5,3,3,6,9,9,8,1,1,5,9,3,2,9,5,6,6,7,4
39:2,4,8,7,4,4,3,2,8,4,5,3,6,6,8,9,7,4,3,6,5,5,3,8,2,1,5,2,1,6
40:4,3,1,3,6,8,6,2,7,8,3,1,4,2,7,8,9,3,6,4,5,1,6,4,4,6,5,9,3,8
41:2,4,7,3,6,3,5,4,5,3,4,6,7,7,4,1,3,3,6,8,6,4,1,1,8,3,5,3,5,3
42:6,2,9,1,5,5,9,9,7,6,5,6,6,3,5,3,7,4,6,7,3,6,9,7,9,9,8,3,8,8
43:4,4,6,3,9,5,2,6,8,8,2,5,7,1,1,4,5,7,8,5,9,6,3,8,8,1,8,5,2,8
44:2,2,5,7,9,8,4,8,5,1,9,3,8,1,1,2,1,5,6,2,7,3,9,8,2,2,4,3,1,3
45:6,6,7,9,9,5,8,4,2,9,2,1,4,8,1,6,3,8,4,4,7,8,7,1,7,8,6,1,1,3
46:5,9,6,1,2,9,9,2,7,3,6,7,1,3,2,2,8,7,8,8,4,2,6,7,1,3,3,5,4,5
47:3,1,9,9,1,1,9,3,8,4,6,8,9,4,5,9,5,7,8,8,2,1,9,1,5,6,3,1,3,6
48:6,2,8,9,3,2,7,8,7,8,9,7,9,2,2,5,9,2,8,7,5,3,4,6,1,3,7,7,1,7
49:6,7,6,7,5,6,1,2,8,2,4,8,2,2,1,4,5,7,1,1,1,6,1,4,8,4,9,7,7,1
50:4,9,7,5,8,2,9,4,4,1,7,3,8,4,7,5,1,3,8,7,1,9,3,6,9,1,2,2,5,8
51:4,1,4,3,3,5,6,8,8,9,9,7,3,8,7,7,5,9,4,3,4,8,9,4,7,6,4,5,3,6
52:6,4,7,4,1,6,2,6,4,4,7,3,1,7,3,4,9,2,3,8,5,5,7,7,1,3,9,9,3,5
53:7,6,7,6,3,4,7,3,2,9,7,7,4,3,3,8,6,3,2,8,7,6,2,6,4,6,5,3,6,2
54:7,5,9,9,3,4,5,3,6,5,7,4,9,7,3,7,9,8,7,1,4,9,3,3,2,4,6,7,7,7
55:9,3,9,6,3,2,1,7,5,6,2,7,2,2,3,6,6,4,7,9,9,8,1,1,8,7,1,8,9,6
56:4,2,5,5,9,4,1,8,9,1,3,3,1,2,3,8,9,9,5,7,8,6,8,9,4,6,2,2,8,8
57:7,8,4,2,5,9,2,1,4,8,1,4,2,6,6,7,3,9,9,2,7,2,4,3,8,8,6,2,9,2
58:6,3,1,5,5,9,7,7,5,1,1,9,5,3,2,5,4,3,1,5,8,4,6,8,5,3,7,5,7,3
59:9,2,1,9,9,5,1,4,9,7,9,1,7,2,7,4,2,6,4,2,8,3,2,7,9,5,7,4,2,2
60:6,5,7,3,9,3,8,1,6,9,7,6,5,1,1,3,4,4,4,7,8,3,3,8,1,1,5,1,3,2
61:8,1,2,5,6,7,3,7,2,9,8,6,8,7,7,6,7,2,2,5,6,5,2,7,5,6,4,1,4,7
62:1,7,4,1,3,4,9,6,1,8,5,6,8,6,7,3,1,2,4,7,1,1,5,2,9,2,9,1,2,7
63:5,2,5,1,2,6,3,8,6,4,1,9,2,2,4,4,7,2,8,6,3,5,1,1,2,2,4,8,2,4
64:1,8,8,4,1,2,7,1,1,2,5,6,1,5,7,2,7,1,4,2,8,1,1,9,7,7,1,5,6,9
65:3,1,3,8,3,2,2,2,4,8,7,1,7,4,5,8,4,2,8,3,5,9,9,1,5,3,9,3,2,1
66:3,6,7,1,2,2,7,9,2,3,2,7,2,5,8,6,2,7,6,4,8,4,7,2,5,2,7,1,8,1
67:8,1,2,5,6,7,3,7,2,9,8,6,8,7,7,6,7,2,2,5,6,5,2,7,5,6,3,1,4,9
68:1,3,2,4,6,3,2,2,3,3,6,8,9,9,8,4,1,1,8,3,4,8,7,4,8,8,9,6,8,3
69:2,4,7,3,6,3,5,4,5,3,4,6,7,7,4,1,3,3,6,8,6,4,1,1,8,3,5,3,5,2
70:2,8,3,3,2,5,7,3,6,2,5,6,8,2,2,3,8,1,9,8,6,5,7,6,8,9,8,5,7,6
71:1,5,2,1,9,9,9,7,2,6,8,4,6,2,9,5,6,3,4,4,7,4,3,4,8,5,9,2,6,7
72:9,2,1,9,9,5,1,4,9,7,9,1,7,2,7,4,2,6,4,2,8,3,2,7,9,5,7,4,2,2
73:8,2,8,7,5,2,9,6,5,8,1,1,1,3,6,4,6,5,6,2,7,5,5,1,2,7,6,6,7,3
74:6,6,3,2,5,2,5,1,8,2,5,5,9,7,8,5,2,1,4,7,9,8,7,6,6,7,8,2,7,5
75:2,2,6,6,5,2,2,2,1,4,8,6,4,5,7,5,9,6,7,4,7,6,5,6,7,4,9,9,7,5
76:6,2,3,2,1,5,7,8,3,6,3,8,4,1,7,7,4,9,5,4,2,1,1,5,6,2,1,3,8,7
77:1,4,5,6,7,1,4,3,1,2,7,4,9,3,9,6,2,7,9,2,8,6,6,2,8,3,9,6,4,8
78:4,9,4,3,1,1,2,4,9,7,3,4,1,5,9,1,9,8,3,2,8,2,6,2,9,8,7,7,4,9
79:4,5,8,6,3,4,9,2,7,8,4,3,5,5,5,3,8,2,5,1,3,1,2,9,4,8,1,2,9,7
80:2,5,1,3,9,6,3,4,7,8,6,8,4,1,4,7,3,6,7,7,1,8,5,5,3,1,8,6,4,4
81:3,1,8,6,8,1,9,4,4,5,1,4,5,7,5,1,8,6,8,1,8,3,9,7,6,2,7,8,3,4
82:2,9,9,3,7,6,2,9,8,5,2,5,8,6,3,5,8,6,5,4,8,7,7,4,5,4,3,6,5,2
83:6,1,9,9,6,5,1,2,8,7,9,2,2,6,5,5,3,6,4,5,7,6,2,1,3,8,5,5,9,5
84:5,8,8,3,9,8,7,5,8,8,3,4,1,9,1,6,6,9,9,1,6,7,6,3,9,8,9,9,6,7
85:3,4,6,4,6,1,4,6,9,7,7,5,2,3,7,1,2,7,2,4,3,9,6,5,2,1,1,2,9,4
86:6,3,2,6,1,8,8,6,6,5,7,5,7,7,7,5,3,2,6,7,1,5,4,1,1,5,7,1,3,7
87:6,6,9,1,8,7,3,5,4,6,8,5,9,4,7,3,8,2,6,4,6,8,4,9,9,7,5,4,1,8
88:1,4,2,4,1,4,8,2,3,3,8,7,5,3,3,7,7,1,4,9,6,6,8,9,8,8,9,5,2,5
89:6,2,7,6,5,1,9,3,5,1,4,3,9,5,6,3,2,2,8,9,7,6,4,8,7,9,1,1,4,8
90:3,7,8,7,7,9,6,5,1,6,1,5,3,7,1,6,7,5,4,8,1,1,2,2,3,2,8,6,7,1
91:6,5,8,6,4,5,6,6,9,2,5,4,4,8,4,5,5,1,9,5,3,7,8,5,3,3,2,7,1,3
92:5,1,7,6,8,2,3,9,5,6,4,6,9,5,1,1,7,5,1,5,9,5,9,8,9,2,9,7,8,3
93:6,3,2,4,5,6,8,4,8,3,6,9,5,3,5,5,3,3,3,4,6,2,9,6,4,8,4,6,2,2
94:8,8,7,3,8,9,6,7,2,6,2,4,8,9,1,7,3,6,8,3,5,7,8,2,1,8,1,5,9,9
95:7,5,9,9,3,4,5,3,6,5,7,4,9,7,3,7,9,8,7,1,4,9,3,3,2,4,6,7,7,2
96:7,6,1,1,1,6,2,6,4,8,6,7,8,3,8,8,4,4,4,9,8,1,4,6,9,3,3,4,2,4
97:6,8,4,1,7,8,3,6,5,9,1,5,1,8,4,4,1,5,8,3,7,1,9,2,7,1,8,3,3,6
98:8,8,9,6,3,1,7,4,3,5,6,7,7,1,8,9,4,5,8,9,7,5,3,9,7,4,6,6,3,9
99:1,8,8,4,1,2,9,1,1,2,5,6,1,5,7,2,7,1,4,2,8,1,1,9,7,7,1,5,6,7
100:3,9,9,6,9,3,3,4,8,3,7,3,5,2,4,6,1,5,9,4,9,3,8,9,7,4,8,7,1,3
101:3,1,1,3,7,1,5,4,4,8,1,7,1,3,6,5,2,7,8,5,5,5,6,2,5,4,1,9,9,9
102:7,5,4,7,4,1,1,1,8,1,3,2,8,2,5,3,1,4,8,7,1,2,6,5,6,6,8,1,8,2
103:5,6,1,5,9,7,6,9,8,8,1,7,6,2,4,9,7,8,5,9,1,9,4,8,4,9,2,1,6,2
104:7,2,3,2,9,9,4,6,3,7,5,9,8,8,2,4,4,7,9,6,5,9,7,1,1,9,5,4,2,8
105:7,6,1,1,1,6,2,6,4,8,6,7,8,3,8,8,4,1,4,9,8,1,4,6,9,3,3,4,2,4
106:7,8,9,1,4,1,8,7,1,5,7,9,1,8,9,2,7,3,9,2,4,8,7,8,9,9,4,4,8,3
107:8,9,5,8,8,4,7,7,9,2,8,3,6,5,4,6,3,5,1,4,8,2,9,4,1,7,8,1,1,2
108:6,2,6,1,5,2,1,7,1,4,4,7,4,1,8,1,9,6,9,6,6,1,8,3,5,8,5,2,1,7
109:4,2,8,5,1,3,6,6,6,1,8,1,5,6,4,7,7,5,1,5,2,9,8,8,8,9,3,4,6,4
110:6,7,6,7,5,6,1,2,8,2,4,8,4,2,1,4,5,7,1,1,1,6,1,4,8,4,9,7,7,7
111:4,6,8,5,7,2,3,8,6,3,7,3,6,7,3,5,3,3,9,2,7,5,4,2,6,3,8,1,8,6
112:6,6,3,2,5,2,5,1,8,2,5,5,9,7,8,5,2,8,4,7,9,8,7,6,6,7,8,2,7,8
113:9,9,2,7,3,3,3,3,3,6,3,9,5,1,9,8,1,4,9,4,6,3,3,5,6,7,7,4,6,2
114:6,6,7,9,7,2,1,3,6,2,6,5,5,2,1,9,6,6,7,6,6,8,5,2,3,8,4,6,5,2
115:3,6,8,4,7,6,4,4,7,9,7,7,8,9,4,2,6,6,5,4,3,1,5,6,3,5,9,4,4,6
116:6,5,3,7,1,3,4,2,3,4,8,3,7,2,9,4,2,7,8,7,3,6,9,3,9,4,7,9,6,6
117:3,4,1,6,7,2,1,3,3,9,2,1,7,9,2,7,5,9,7,3,2,7,6,8,9,4,4,3,2,4
118:4,3,7,2,5,7,6,7,7,8,4,9,2,3,9,5,8,5,5,2,5,6,5,7,7,7,5,6,7,4
119:2,9,9,8,9,9,7,7,5,4,5,3,6,2,6,1,5,4,5,4,1,2,2,4,5,8,5,6,4,6
120:8,7,7,9,7,4,5,2,4,8,8,7,2,3,9,7,1,6,3,2,4,3,6,4,9,2,8,1,7,3
121:8,3,5,5,9,6,6,5,5,7,3,3,4,7,5,3,1,7,7,5,4,5,4,7,9,7,2,3,2,5
122:5,4,1,2,4,4,6,1,2,9,3,1,4,2,3,3,9,7,1,6,4,3,6,6,1,1,6,8,7,8
123:8,6,9,9,4,2,8,6,7,4,5,3,7,9,4,4,9,2,2,8,9,9,6,3,1,5,8,6,2,4
124:1,5,8,1,5,7,3,5,9,9,9,3,4,3,7,7,1,2,2,4,8,9,5,6,7,3,7,6,4,2
125:3,2,9,9,4,7,1,5,8,7,9,5,7,5,6,9,6,3,5,9,8,6,5,9,5,1,7,1,3,4
126:1,4,5,6,7,1,4,3,1,2,7,1,9,3,9,6,2,7,9,2,8,6,6,2,8,3,9,6,4,8
127:7,8,1,2,7,4,6,3,3,5,2,4,8,2,1,5,5,7,8,6,6,4,3,7,7,6,8,2,3,8
128:1,4,5,6,7,1,4,3,1,2,7,1,9,3,9,6,2,7,9,2,8,6,6,2,8,3,9,6,4,3
129:6,2,3,2,1,5,7,8,3,6,3,8,4,1,7,7,4,9,5,4,2,1,1,5,6,2,1,3,8,8
130:2,5,6,1,9,9,4,9,2,7,3,6,3,6,1,8,6,4,1,3,7,2,4,5,1,3,6,3,9,5
131:7,9,8,1,7,6,5,8,9,1,9,1,5,2,6,1,4,8,4,1,9,1,3,8,3,8,7,7,2,4
132:3,4,1,6,7,2,1,6,3,9,2,1,7,9,2,7,5,9,7,3,2,7,6,8,9,4,4,3,2,4
133:1,3,3,4,6,3,6,2,7,2,7,2,4,1,7,4,6,1,8,6,6,8,2,8,2,1,5,8,1,9
134:4,9,6,2,2,4,3,8,9,5,2,2,3,7,9,8,8,5,7,3,6,8,3,6,2,1,6,6,1,3
135:4,9,8,8,8,5,4,3,1,2,9,7,1,6,5,7,1,1,3,2,4,7,8,6,4,5,8,6,6,4
136:7,8,6,2,8,8,9,4,8,7,1,3,2,1,8,7,5,2,5,6,3,3,1,2,6,2,8,3,3,7
137:5,9,6,5,7,2,4,5,6,4,2,9,7,6,1,7,3,3,7,1,3,1,2,7,6,7,6,3,3,3
138:2,3,3,6,6,7,3,1,5,9,7,9,2,4,5,4,3,6,5,9,7,5,4,6,2,7,4,8,2,7
139:8,1,2,5,8,1,3,5,8,5,8,6,9,2,3,9,9,2,8,1,9,6,6,8,7,7,1,4,9,1
140:6,6,3,2,5,2,5,1,8,2,5,5,9,7,8,5,2,1,4,7,9,8,7,6,6,7,8,2,7,8
141:5,3,9,8,2,5,4,4,9,6,5,9,6,4,2,1,6,7,2,3,2,4,3,7,4,2,6,3,1,4
142:6,5,8,3,7,4,6,9,1,8,1,3,2,3,8,8,8,9,5,4,9,3,3,1,9,7,2,9,1,1
143:5,6,1,5,9,7,6,9,8,8,1,7,6,2,4,9,7,8,5,9,1,9,4,8,4,9,2,1,6,5
144:8,5,7,4,6,9,3,4,8,3,1,9,2,6,4,8,8,4,8,9,4,2,8,5,7,9,9,2,5,2
145:7,3,7,1,5,4,3,4,9,8,4,9,9,8,1,9,7,1,7,7,5,5,4,4,9,8,9,5,9,1
146:7,2,3,2,9,9,4,6,3,7,5,9,8,8,2,4,4,7,9,6,5,9,7,1,1,9,5,5,2,8
147:2,9,6,3,5,8,5,5,8,7,7,3,3,4,1,3,7,1,2,5,3,4,8,2,2,3,3,3,4,1
148:7,5,9,9,3,4,5,3,6,5,7,4,9,7,3,7,9,8,7,1,4,1,3,3,2,4,6,7,7,2
149:3,3,1,3,3,9,1,9,6,7,9,4,9,9,6,6,2,8,2,5,4,9,7,5,1,4,9,6,9,7
150:9,2,3,9,7,4,7,8,3,6,7,5,6,7,8,7,3,8,4,9,1,5,7,5,6,9,4,2,8,8
151:4,2,8,5,1,3,6,6,6,1,8,1,5,6,4,7,7,5,1,5,2,9,8,8,8,9,3,4,6,3
152:2,9,7,2,7,9,8,9,4,5,1,6,4,8,6,5,1,3,7,5,4,7,6,5,7,2,6,3,4,9
153:6,7,7,1,9,9,1,6,9,5,4,1,4,5,8,7,5,4,4,4,3,5,9,1,8,1,6,3,1,6
154:8,5,7,4,6,9,3,4,8,3,1,9,2,6,2,8,8,4,8,9,4,2,8,5,7,9,9,2,5,2
155:7,7,3,2,9,7,4,4,7,1,5,4,8,6,7,7,8,9,3,4,1,1,4,2,8,9,7,7,8,9
156:9,1,9,1,8,6,7,7,8,8,4,3,4,4,5,9,7,9,6,2,5,8,5,6,5,7,1,8,7,7
157:3,7,1,8,3,4,1,7,8,4,7,5,3,3,6,9,9,8,1,1,5,9,3,2,9,5,6,6,7,3
158:3,4,1,6,7,2,1,6,3,9,2,1,7,9,2,7,5,9,7,3,2,7,6,8,9,4,4,3,2,3
159:2,1,6,6,9,8,8,7,5,9,9,9,6,2,3,4,2,2,7,9,4,5,4,4,9,6,9,3,1,1
160:5,3,4,8,9,7,7,2,5,6,1,5,9,5,5,3,4,2,3,8,2,2,5,2,5,5,4,5,4,2
161:6,9,2,8,6,6,5,4,9,4,6,9,8,9,7,5,3,8,7,4,8,1,9,9,6,3,9,7,8,3
162:1,7,6,7,5,5,6,5,7,7,5,2,1,2,3,7,6,1,5,2,1,5,3,5,4,4,6,7,6,9
163:2,5,2,4,1,1,9,5,6,3,4,3,7,5,2,7,5,8,9,1,1,2,1,2,1,6,7,7,2,4
164:5,6,1,1,7,1,2,2,7,7,5,6,3,8,8,8,3,5,2,9,4,3,1,9,7,3,6,6,5,7
165:7,1,6,6,2,6,2,8,4,6,6,2,5,1,2,6,4,7,4,1,5,9,8,7,8,6,6,1,3,6
166:3,5,7,8,2,9,2,3,8,4,7,7,5,2,9,5,6,1,2,2,3,5,7,5,7,4,5,5,8,7
167:7,1,9,3,5,9,2,2,8,5,3,4,1,4,8,1,5,3,4,8,8,6,9,5,3,2,5,5,4,5
168:6,6,9,8,3,8,3,8,4,6,1,9,5,1,6,6,1,7,5,9,6,4,7,8,1,9,8,1,4,5
169:3,6,7,1,2,2,7,9,2,3,2,7,2,5,8,6,9,7,6,4,8,4,7,2,5,2,7,1,8,1
170:4,6,5,8,6,8,6,3,5,6,5,7,5,5,3,8,1,7,3,2,3,5,4,9,5,2,7,9,9,9
171:1,7,9,4,6,3,4,9,4,8,5,6,6,2,1,8,6,2,6,4,4,2,4,5,7,1,3,8,2,1
172:7,2,2,7,5,1,3,3,6,2,1,9,1,4,5,9,2,8,3,7,7,8,6,2,2,8,8,2,4,7
173:4,6,4,5,7,7,4,1,2,7,1,4,8,8,7,6,4,2,1,2,1,1,3,1,6,9,6,2,7,6
174:2,1,7,1,3,7,8,2,2,6,3,3,6,2,5,8,7,1,6,4,4,8,3,4,3,2,1,2,3,6
175:4,2,8,5,8,4,2,9,8,2,4,8,4,4,8,7,2,1,8,7,2,1,4,1,4,4,5,6,7,5
176:2,7,5,6,7,2,4,1,4,7,6,4,3,9,1,1,8,1,9,5,3,5,9,7,3,1,6,8,2,5
177:1,2,6,3,8,5,5,5,4,5,1,2,8,7,6,2,2,2,5,1,4,7,6,7,6,5,2,2,8,6
178:9,7,1,3,5,9,5,8,9,1,4,2,4,1,8,4,4,3,5,5,8,3,6,1,9,6,5,5,9,9
179:1,5,8,1,5,7,3,5,9,9,9,3,4,3,7,7,1,2,2,4,8,9,5,6,7,3,7,6,4,2
180:5,6,7,2,4,4,3,1,5,3,5,3,1,4,2,3,3,4,6,6,6,3,2,7,9,7,5,9,5,3
181:3,4,7,6,4,5,6,2,7,8,2,2,1,1,6,9,8,2,7,7,8,1,6,8,4,1,5,8,1,5
182:7,8,9,4,7,5,9,7,8,6,7,4,5,6,9,2,5,2,6,5,5,4,2,9,2,1,5,1,9,8
183:4,4,6,3,9,5,2,6,8,8,2,5,7,1,1,4,5,7,8,5,9,6,3,8,8,1,8,5,2,7
184:6,7,5,8,3,5,3,8,5,7,9,6,8,5,1,7,8,6,2,2,2,9,1,8,2,8,5,2,6,5
185:8,4,5,5,6,2,1,3,8,2,1,2,5,7,4,4,1,6,8,5,1,5,8,6,3,8,5,1,2,2
186:7,5,4,1,7,2,2,7,1,8,2,2,2,3,6,6,7,9,9,6,7,9,1,2,9,2,8,4,3,3
187:4,6,5,8,6,8,6,3,5,6,5,7,5,5,3,8,6,7,3,2,3,5,4,9,5,2,7,9,9,8
188:7,5,4,1,7,2,2,7,2,8,2,2,2,3,6,6,7,9,9,6,7,9,1,2,9,2,8,4,3,3
189:6,5,7,3,9,3,8,1,6,9,7,6,5,1,1,3,4,4,4,7,8,3,3,8,1,4,5,1,3,6
190:6,7,7,8,4,6,7,5,9,4,4,9,3,7,5,9,8,9,6,6,5,1,7,4,3,7,4,5,7,7
191:6,5,3,7,1,3,4,2,3,4,8,3,7,2,9,4,2,7,8,7,3,6,9,3,9,4,7,9,6,2
192:9,9,2,5,2,7,1,1,4,1,4,5,3,4,4,5,3,1,8,2,8,9,1,6,9,8,7,3,2,4
193:5,3,3,4,4,9,6,2,3,1,9,5,7,8,3,9,7,4,2,8,4,5,7,1,1,5,1,8,7,8
194:3,8,9,3,3,8,8,2,9,3,3,8,4,5,6,4,4,9,7,3,8,7,9,1,7,2,8,4,9,8
195:6,8,3,6,8,9,4,7,2,2,4,4,7,9,7,5,3,5,9,8,1,5,9,5,3,8,8,6,3,5
196:7,7,3,2,9,7,4,4,7,1,5,4,8,6,7,7,2,9,3,4,1,1,4,2,8,9,7,7,8,4
197:3,8,2,9,7,8,8,7,7,7,5,9,8,5,1,6,8,3,9,5,9,7,8,3,6,2,7,1,2,4
198:8,4,8,5,1,9,6,3,4,2,3,1,6,3,1,5,7,7,1,5,1,5,4,7,5,9,3,5,2,7
199:1,6,1,9,7,6,2,3,6,4,5,3,5,3,7,4,9,3,2,4,1,7,8,4,6,8,6,6,2,3
200:4,5,7,5,4,2,2,1,2,2,7,3,2,5,6,4,7,7,3,8,1,8,1,1,7,2,1,4,8,8
201:7,2,9,9,9,6,8,1,7,9,5,5,6,6,9,2,6,2,3,4,9,8,4,5,4,9,2,4,7,6
202:6,6,8,6,4,5,6,6,9,2,5,4,4,8,4,5,5,1,9,5,3,7,8,5,3,3,2,7,1,3
203:5,5,8,9,6,4,9,8,4,9,1,4,5,9,7,9,5,3,6,8,8,2,8,6,1,6,5,9,5,3
204:6,7,6,7,5,6,1,2,8,2,4,8,2,2,1,4,5,7,1,1,1,6,1,4,8,4,9,7,7,7
205:6,2,9,1,5,5,9,9,7,6,5,6,6,3,5,3,7,4,6,7,3,6,9,7,9,9,8,3,8,3
206:1,8,2,8,5,8,2,8,4,1,1,1,8,9,6,6,6,1,2,1,5,7,3,5,7,9,1,2,5,7
207:4,4,3,6,5,9,8,5,4,1,2,6,8,8,3,9,6,1,5,2,5,6,7,5,2,4,5,7,8,5
208:7,5,4,7,4,1,1,1,8,1,3,2,8,2,5,3,1,4,8,7,1,2,6,5,6,6,8,1,8,1
209:2,8,3,3,2,5,7,3,6,2,5,6,8,2,1,3,8,1,9,8,6,5,7,6,8,9,8,5,7,5
210:2,8,3,3,2,5,7,3,6,2,5,6,8,2,2,3,8,1,9,8,6,5,7,6,8,9,8,5,7,5
211:8,9,6,4,2,4,1,2,7,5,7,6,6,9,4,5,2,7,6,5,2,3,4,6,3,2,1,4,7,3
212:9,1,6,7,4,5,4,9,3,5,1,9,5,5,8,5,5,2,4,3,6,4,1,5,9,3,4,9,3,5
213:2,7,1,1,1,5,3,3,1,9,7,2,6,3,7,9,3,4,5,1,7,4,7,4,2,2,9,6,8,1
214:6,6,1,4,4,2,6,1,2,6,5,9,6,7,6,9,9,6,1,1,9,4,7,3,8,9,5,5,1,8
215:6,3,2,4,5,6,8,4,8,3,6,9,5,3,5,5,3,3,3,4,6,2,9,6,4,8,4,6,2,4
216:3,8,5,7,8,3,8,8,7,8,6,9,7,5,2,1,3,5,8,4,4,9,9,9,7,4,7,7,2,2
217:3,9,8,8,8,5,4,3,1,2,9,7,1,6,5,7,1,1,3,2,4,7,8,6,4,5,8,6,6,7
218:4,7,5,7,5,3,6,6,7,1,4,6,1,7,6,3,8,1,4,4,8,1,8,6,2,1,9,6,6,8
219:5,6,5,7,4,7,5,9,3,1,7,8,1,9,7,6,8,7,5,7,5,2,9,8,2,1,5,8,4,9
220:3,4,1,9,8,3,7,5,2,3,9,3,9,4,1,6,9,3,5,6,9,9,9,2,7,9,8,3,4,9
221:3,1,8,6,8,1,9,4,4,5,1,4,5,7,5,1,8,6,8,1,8,3,9,7,6,2,7,8,3,8
222:2,7,1,1,1,5,3,3,1,9,7,2,6,3,7,9,3,4,5,1,7,4,7,4,2,2,9,6,8,3
223:7,2,9,9,9,6,8,1,7,9,5,5,6,6,9,2,6,2,3,4,9,8,4,5,4,9,2,4,7,1
224:2,2,9,1,5,5,9,9,7,6,5,6,6,3,5,3,7,4,6,7,3,6,9,7,9,9,8,3,8,3
225:9,4,5,4,5,4,8,2,9,5,9,2,3,4,7,2,7,1,8,9,9,5,8,7,7,7,6,5,8,8
226:7,1,6,6,2,6,2,8,4,7,6,2,5,1,2,6,4,7,4,1,5,9,8,7,8,6,6,1,3,6
227:5,8,2,5,8,1,6,2,6,6,7,2,6,3,2,9,7,2,9,3,7,4,9,9,9,7,3,5,3,6
228:8,5,7,4,6,9,3,4,8,3,1,9,2,6,2,8,8,4,8,9,4,2,8,5,7,9,9,2,5,5
229:1,5,6,5,4,5,3,4,6,3,2,4,1,4,8,3,2,7,4,6,1,6,8,4,3,1,8,2,3,9
230:2,1,2,7,7,6,3,4,5,5,2,2,4,5,9,1,7,3,9,9,1,2,7,9,7,1,4,6,1,4
231:8,2,2,9,8,7,9,6,2,7,8,1,5,5,2,7,8,5,1,4,7,9,6,9,8,4,4,2,4,8
232:9,3,9,6,3,2,1,7,5,6,2,7,2,2,3,4,6,4,7,9,9,8,1,1,8,7,1,8,9,2
233:5,2,6,9,8,3,6,4,7,1,6,6,1,9,3,7,3,9,6,4,3,3,9,3,1,1,5,6,8,9
234:7,3,3,4,1,4,5,6,5,5,3,2,7,7,6,7,4,9,7,3,6,5,7,2,3,1,2,2,5,6
235:8,3,5,2,6,4,3,3,7,3,6,8,4,9,6,5,3,7,9,3,7,9,1,4,6,4,5,4,8,7
236:4,2,8,5,1,3,6,6,6,1,8,1,5,6,4,7,1,5,1,5,2,9,8,8,8,9,3,4,6,4
237:6,9,1,6,8,5,4,8,9,4,2,5,5,4,7,3,8,4,7,3,2,3,7,8,9,8,7,7,9,7
238:2,3,3,6,6,7,3,1,5,9,7,9,2,4,5,1,3,6,5,9,7,5,4,6,2,7,4,8,2,9
239:4,9,8,8,8,5,4,3,1,2,9,7,1,6,5,7,1,1,3,2,4,7,8,6,4,5,8,6,6,7
240:2,4,9,8,3,9,4,1,1,1,4,3,4,6,4,3,4,3,9,9,3,2,5,7,3,9,4,8,8,8
241:6,9,8,3,2,2,3,1,6,3,9,6,1,7,6,2,1,2,5,7,3,7,5,4,7,3,7,8,7,5
242:6,5,5,9,5,9,8,4,2,9,4,9,6,1,3,5,8,3,3,6,2,8,7,4,5,2,3,1,6,9
243:1,6,8,4,5,5,1,1,3,7,6,7,8,8,8,6,5,2,1,8,5,2,1,6,1,3,6,3,8,1
244:2,7,4,6,4,6,1,2,9,9,4,3,4,5,6,5,2,9,2,3,7,7,9,2,3,1,4,2,8,2
245:3,3,1,1,5,2,1,8,1,7,7,1,5,2,6,2,2,4,6,6,4,4,5,4,3,1,7,7,2,9
246:6,9,7,4,8,8,8,3,5,3,2,5,4,2,5,8,8,5,7,8,9,8,9,4,4,4,7,6,9,6
247:6,9,8,3,2,2,3,1,6,3,9,6,1,7,6,2,1,2,5,7,3,7,5,2,7,3,7,8,7,5
248:7,8,9,4,7,5,9,7,8,6,7,4,5,6,9,2,5,2,6,5,5,4,2,9,2,1,5,1,9,2
249:6,7,5,8,3,5,3,8,5,7,9,6,8,5,1,7,8,6,2,2,2,9,1,8,2,8,5,2,6,4
250:3,5,2,7,1,7,7,4,8,6,8,1,2,8,8,9,8,6,7,4,5,9,2,4,3,6,1,5,5,5
251:4,2,8,5,8,4,2,9,8,2,6,8,4,4,8,7,2,1,8,7,2,1,4,1,4,4,5,6,7,5
252:6,7,5,7,5,1,9,2,9,2,1,6,4,2,8,9,1,2,6,7,5,5,8,4,5,2,3,4,5,8
253:6,2,7,1,6,2,1,8,9,4,1,7,5,8,2,6,4,6,9,5,5,2,2,3,1,1,6,9,6,5
254:6,6,9,1,8,7,3,5,4,6,8,5,9,4,7,3,8,2,6,4,8,8,4,9,9,7,5,4,1,8
255:8,3,5,5,9,6,6,5,5,7,3,3,4,7,5,3,1,7,7,5,4,5,4,7,9,7,2,3,2,8
256:7,8,4,2,5,9,2,1,4,8,1,4,2,6,6,7,3,9,9,2,7,2,4,3,8,8,8,2,9,4
257:9,6,2,3,4,5,1,2,8,6,6,7,5,9,1,6,5,4,1,6,7,3,6,3,4,9,4,7,2,6
258:5,7,7,1,5,8,1,6,8,9,6,2,7,6,9,8,1,3,8,7,9,6,2,1,5,5,9,4,3,9
259:4,7,6,6,2,4,1,6,2,1,3,2,4,7,6,9,9,2,6,9,8,1,5,6,2,5,9,3,4,9
260:6,5,9,2,5,4,1,3,1,6,7,3,6,4,4,8,2,7,5,8,7,9,1,1,6,4,8,9,6,7
261:4,2,4,3,8,2,8,1,5,8,7,6,7,9,9,3,4,3,1,6,2,4,8,8,9,5,9,4,8,8
262:7,7,3,2,9,7,4,4,7,1,5,4,8,6,7,7,2,9,3,4,1,1,4,2,8,9,7,7,8,9
263:6,7,5,8,3,5,3,8,5,7,9,6,8,5,1,7,8,6,2,2,2,9,1,8,2,8,5,2,7,4
264:1,4,3,7,6,2,9,3,1,3,2,8,1,8,6,1,7,1,4,3,3,7,6,3,2,1,5,7,1,6
265:2,1,6,7,2,7,9,5,3,3,3,6,5,3,1,3,8,9,6,9,7,9,8,7,4,5,5,9,9,1
266:6,2,7,1,6,2,1,8,9,3,1,7,5,8,2,6,4,6,9,5,5,2,2,3,1,1,6,9,6,5
267:6,5,3,8,2,2,9,5,6,4,2,3,3,1,8,5,6,5,8,9,6,7,2,4,6,6,4,8,1,5
268:1,5,8,1,5,7,3,5,9,9,9,3,4,3,7,7,1,2,2,4,8,9,5,6,7,3,7,6,4,9
269:7,3,1,3,6,8,6,2,7,8,3,1,4,2,7,8,9,3,6,4,5,1,6,4,4,6,5,9,3,2
270:1,5,5,9,8,8,7,1,3,2,1,8,9,7,4,5,7,7,5,3,9,4,7,1,9,6,3,8,5,4
271:6,5,9,1,8,8,3,1,7,8,7,6,4,5,2,9,2,7,9,9,5,3,4,2,3,1,8,6,6,4
272:8,5,4,3,4,8,9,9,6,7,5,4,5,6,9,1,5,2,5,9,8,1,9,6,4,1,8,8,1,6
273:6,1,2,8,4,3,3,3,3,6,9,6,9,5,4,2,8,3,2,1,9,4,6,1,5,5,1,7,7,6
274:6,7,8,3,1,4,4,7,9,4,6,6,5,4,9,8,2,4,7,1,9,3,3,6,5,1,9,2,2,4
275:9,1,9,1,8,3,7,7,8,8,4,3,4,4,5,9,7,9,6,2,5,8,5,6,5,7,1,8,7,7
276:5,8,2,5,8,1,6,1,6,6,7,2,6,3,2,9,7,2,9,3,7,4,9,9,9,7,3,5,3,2
277:6,3,2,4,5,6,8,4,8,3,6,9,5,3,5,5,3,3,3,4,8,2,9,6,4,8,4,6,2,4
278:7,7,1,5,5,7,5,4,2,2,7,9,9,4,7,1,9,4,4,2,4,1,8,2,4,6,9,5,2,3
279:8,2,2,1,2,4,7,5,1,8,7,1,2,1,6,2,6,2,2,3,5,7,1,3,6,9,4,9,2,8
280:8,3,5,2,6,7,3,3,7,3,6,8,4,9,6,5,3,7,9,3,7,9,1,4,6,4,5,4,8,7
281:8,6,9,9,4,2,8,6,7,4,5,2,7,9,4,4,9,2,2,8,9,9,6,3,1,5,8,6,2,4
282:5,1,7,6,8,2,3,9,5,6,4,6,9,5,1,1,7,5,1,5,9,5,9,8,9,2,9,7,5,3
283:3,8,4,1,4,2,8,5,3,6,7,7,9,3,2,3,8,5,7,6,7,7,7,1,9,6,6,8,4,6
284:3,6,7,1,2,2,7,9,2,3,2,7,2,5,8,6,9,7,6,4,8,4,7,2,5,2,7,1,8,2
285:6,4,2,9,8,2,7,9,5,1,2,9,8,4,4,1,9,3,4,9,4,1,3,3,6,8,7,8,7,4
286:8,7,2,2,2,9,5,4,3,2,3,7,4,7,6,5,8,9,9,8,5,3,5,7,7,5,3,1,9,2
287:3,2,9,7,4,2,3,1,2,2,2,9,1,2,4,2,3,7,9,1,5,3,7,6,5,8,1,4,5,9
288:6,4,2,9,8,2,7,9,5,1,2,9,8,4,4,2,9,3,4,9,4,1,3,3,6,8,7,8,7,5
289:1,6,8,4,5,5,1,1,3,7,6,7,8,8,9,6,5,2,1,8,5,2,1,6,1,3,6,3,8,1
290:3,4,1,3,8,3,7,5,2,3,9,3,9,4,1,6,9,3,5,6,9,9,9,2,7,9,8,3,4,9
291:2,1,6,7,2,7,9,5,3,3,3,6,5,3,1,3,8,9,1,9,7,9,8,7,4,5,5,9,9,1
292:8,2,2,3,4,5,9,9,2,1,9,2,2,4,3,5,3,4,9,3,9,1,1,5,1,6,5,7,7,8
293:1,4,3,7,6,2,9,3,1,3,2,8,1,8,6,1,7,1,4,3,3,7,6,3,2,1,5,7,1,5
294:1,5,6,5,4,5,3,4,6,3,2,4,1,4,8,3,2,7,4,6,1,6,8,7,3,1,8,2,3,9
295:7,8,3,5,3,6,9,3,4,7,6,8,9,3,9,4,5,3,7,5,4,5,9,1,8,8,7,6,3,3
296:6,5,8,6,4,5,6,6,9,2,5,4,4,8,4,5,5,1,9,5,3,7,8,5,3,3,2,7,1,1
297:9,7,3,1,3,1,6,7,5,7,8,9,5,4,6,7,7,6,8,4,2,1,7,4,8,5,1,7,4,2
298:7,3,3,4,4,3,1,9,2,9,8,6,5,7,3,7,7,7,6,8,9,8,1,6,7,8,8,8,1,2
299:1,9,7,4,8,3,9,4,5,8,4,2,2,9,9,5,7,4,4,1,4,4,7,6,1,6,6,5,2,3
300:9,1,9,1,8,6,7,7,8,8,4,3,4,4,5,9,7,9,6,2,5,8,5,6,5,7,1,8,7,2
301:5,2,6,5,4,1,6,8,4,9,6,9,2,7,6,9,7,2,1,1,3,4,9,2,5,5,2,3,1,6
302:3,6,8,4,7,6,4,4,7,9,7,7,8,9,4,2,6,6,5,4,3,1,5,6,3,5,9,4,4,7
303:5,7,8,1,6,4,1,6,7,5,2,1,5,5,7,9,9,8,9,3,4,8,4,8,7,9,2,2,2,9
304:7,1,5,5,3,3,4,2,9,5,7,1,7,1,2,3,1,3,4,5,2,7,9,8,1,6,7,3,5,3
305:4,4,8,3,5,1,9,6,6,3,4,9,4,7,4,8,1,8,6,4,7,4,2,8,2,5,9,5,8,8
306:6,5,3,8,2,2,9,5,6,4,2,3,3,1,8,5,6,5,8,9,6,7,2,4,6,6,4,8,1,4
307:7,3,8,9,1,8,1,9,5,9,2,8,3,1,4,8,8,9,1,3,1,4,1,4,8,6,4,6,4,3
308:1,3,3,4,6,3,6,2,7,2,7,2,4,1,7,4,6,1,8,6,6,8,2,8,2,1,5,8,1,9
309:1,5,6,5,4,5,3,4,6,3,2,4,1,4,8,3,2,7,4,6,1,6,8,7,3,1,8,2,3,6
310:7,2,2,7,5,1,3,3,6,2,1,9,1,4,5,9,2,8,3,7,7,8,6,2,2,8,8,4,4,8
311:5,2,6,9,8,3,6,4,7,1,6,6,1,9,3,7,3,4,6,4,3,3,9,3,1,1,5,6,8,6
312:4,9,7,5,8,2,9,3,4,1,7,3,8,4,7,5,1,3,8,7,1,9,3,6,9,1,2,2,5,7
313:3,2,9,9,4,7,1,5,8,7,9,5,7,5,6,9,6,3,5,9,8,6,5,9,5,1,7,1,3,6
314:9,1,9,5,5,6,3,1,5,9,8,9,9,1,4,9,8,9,3,4,5,7,8,1,3,9,4,2,1,1
315:4,5,3,6,8,1,6,5,6,1,1,5,3,6,1,8,4,5,1,5,5,6,4,2,4,9,2,1,4,2
316:2,4,9,3,3,9,4,1,1,1,4,3,4,6,4,3,4,3,9,9,3,2,5,7,3,9,4,8,8,8
317:3,9,2,4,6,5,1,4,7,1,6,1,1,9,3,1,6,2,5,5,4,6,5,1,2,8,4,4,5,1
318:4,4,6,3,9,5,2,6,8,8,2,5,7,1,1,4,5,7,8,5,9,6,3,8,8,1,8,5,2,7
319:2,9,4,4,5,9,4,1,3,9,8,2,5,2,9,2,2,9,8,6,3,6,7,2,6,8,1,3,8,5
320:8,3,5,5,9,6,6,4,5,7,3,3,4,7,5,3,1,7,7,5,4,5,4,7,9,7,2,3,2,5
321:9,8,4,1,7,3,6,4,8,2,1,4,4,5,6,8,3,1,7,2,1,2,9,7,8,6,1,1,3,8
322:3,7,5,7,2,2,1,2,6,5,2,3,4,1,9,3,2,3,4,6,9,6,8,1,4,4,4,2,2,7
323:8,3,5,2,6,7,3,3,7,3,6,8,4,9,6,5,3,7,9,3,7,9,1,4,6,4,5,4,8,7
324:6,2,7,1,6,2,1,8,9,3,1,7,5,8,2,6,4,6,9,5,5,2,2,3,1,1,6,9,6,3
325:7,8,4,2,5,9,2,1,4,8,1,4,2,6,6,7,3,9,9,2,7,2,4,3,8,8,6,2,9,4
326:4,1,1,8,6,4,3,8,9,3,3,4,7,6,3,2,3,3,7,9,8,9,3,7,9,7,8,7,5,1
327:8,6,5,2,4,4,7,3,7,8,2,6,7,9,8,2,7,8,3,7,7,5,4,3,7,2,4,2,5,5
328:7,8,2,9,6,4,4,9,8,5,3,7,6,4,4,6,1,7,9,6,9,5,5,8,9,3,7,4,8,8
329:6,5,3,8,2,2,9,5,6,4,2,3,3,1,8,5,6,5,8,9,6,7,2,4,6,6,4,1,1,4
330:6,5,8,9,4,2,9,2,1,9,8,4,1,8,2,2,8,5,3,3,5,2,7,8,8,8,8,4,1,1
331:5,8,8,3,9,8,7,5,8,8,3,4,1,9,1,6,6,9,9,1,6,7,6,3,9,8,9,2,6,9
332:3,4,7,6,4,5,6,2,7,8,2,2,1,1,6,9,8,2,7,7,8,1,3,8,4,1,5,8,1,2
333:4,2,3,2,7,7,7,7,9,4,2,1,9,6,6,2,2,5,7,5,3,5,7,7,3,4,1,6,3,4
334:8,6,3,5,5,7,2,8,7,4,3,1,1,7,2,5,9,7,4,2,4,1,5,3,1,4,2,9,3,8
335:6,2,2,4,8,2,4,8,6,9,1,4,9,6,5,7,8,1,9,9,5,3,4,6,9,5,5,3,5,2
336:2,7,8,7,8,1,7,2,5,8,6,7,4,2,8,8,8,4,9,2,8,8,5,7,7,7,1,4,6,7
337:4,9,5,2,2,7,2,6,9,6,1,6,9,9,1,6,3,2,2,2,5,2,8,4,9,2,7,6,5,9
338:6,6,7,3,2,4,7,8,5,9,3,9,6,3,3,9,6,2,7,7,6,4,9,5,6,5,2,3,3,5
339:5,6,7,2,4,4,3,1,5,3,5,3,1,4,2,3,3,4,6,6,6,3,2,7,9,7,5,9,5,9
340:5,2,5,1,1,3,5,3,9,6,7,7,6,2,1,5,7,9,4,7,5,6,6,4,1,2,3,1,6,8
341:7,1,4,4,5,4,6,5,8,7,5,5,8,7,5,9,9,4,5,5,4,4,9,9,8,1,1,2,3,1
342:9,6,9,9,9,2,7,3,6,8,9,8,6,8,4,2,3,4,2,8,5,8,5,8,7,6,9,9,1,4
343:2,2,3,4,3,7,2,6,7,9,3,4,8,4,6,2,5,6,7,2,7,8,2,7,2,1,9,1,2,4
344:6,6,1,4,4,2,6,1,2,6,5,9,6,7,6,9,9,6,1,1,9,4,7,3,8,9,5,5,1,2
345:1,5,8,1,2,8,4,6,7,5,8,9,7,3,9,3,2,1,2,8,6,5,1,2,6,5,4,7,3,1
346:7,8,6,8,2,2,9,3,6,3,9,1,3,6,8,3,5,5,4,4,7,5,7,7,9,6,4,9,4,7
347:5,1,8,4,9,3,8,4,3,1,4,8,9,1,6,8,6,5,5,7,1,1,1,3,7,2,8,2,7,3
348:9,7,1,3,5,9,5,8,9,1,4,2,4,1,8,4,4,3,5,5,8,3,6,1,9,6,4,5,9,2
349:9,6,2,3,4,5,1,2,8,6,6,7,5,9,1,6,5,4,1,6,7,3,6,3,4,9,4,7,2,4
350:6,6,9,1,8,7,3,5,4,6,8,5,9,4,7,3,8,2,6,4,6,8,4,9,9,7,5,4,1,2
351:3,5,2,7,4,5,4,2,7,1,8,2,4,5,5,3,9,5,7,9,8,3,7,9,2,1,1,4,4,4
352:7,5,6,7,4,1,1,1,8,1,3,2,8,2,5,3,1,4,8,7,1,2,6,5,6,6,8,1,8,2
353:6,5,8,3,7,4,6,9,1,4,1,3,2,3,8,8,8,9,5,4,9,3,3,1,9,7,2,9,1,5
354:4,2,1,3,9,7,1,7,5,5,8,9,1,7,3,3,1,3,2,8,4,1,8,4,2,9,8,8,2,1
355:3,3,1,3,3,9,1,9,6,7,9,4,9,9,6,6,2,8,2,5,4,9,7,5,1,4,9,6,9,1
356:2,7,1,1,1,5,3,3,1,9,7,2,6,3,7,9,3,4,5,2,7,4,7,4,2,2,9,6,8,3
357:3,5,2,7,4,5,4,2,7,1,8,2,4,5,5,3,9,5,7,9,8,3,7,9,2,1,1,4,4,2
358:6,6,3,6,4,1,9,4,6,4,1,9,8,2,6,3,4,6,1,6,2,8,4,6,1,3,8,7,8,4
359:9,8,4,1,7,3,6,4,4,2,1,4,4,5,6,8,3,1,7,2,1,2,9,7,8,6,1,1,3,8
360:8,5,2,6,6,7,1,8,1,8,9,6,3,7,9,7,5,6,8,1,8,8,1,3,4,8,6,9,7,5
361:8,6,5,7,2,2,4,5,2,3,6,1,6,3,6,3,1,7,7,5,7,6,4,9,1,9,8,5,1,5
362:3,2,9,9,4,7,1,5,8,7,9,5,7,5,6,9,6,3,5,9,8,6,4,9,5,1,7,1,3,6
363:7,8,9,4,7,5,9,6,8,6,7,4,5,6,9,2,5,2,6,5,5,4,2,9,2,1,5,1,9,8
364:1,1,6,9,9,4,2,4,1,8,8,4,4,2,6,1,4,9,2,9,8,5,5,5,1,2,2,2,8,8
365:9,1,6,7,4,5,4,1,3,5,1,9,5,5,8,5,5,2,4,3,6,4,1,5,9,3,4,9,3,3
366:4,4,9,8,7,1,3,8,7,2,8,8,6,3,8,7,2,1,9,5,1,1,4,6,4,5,7,3,9,7
367:7,1,1,5,8,8,9,3,6,9,4,4,1,2,9,6,7,4,8,4,1,7,5,1,4,5,5,2,6,6
368:9,2,9,1,2,9,5,2,8,7,2,3,2,2,6,8,6,3,6,2,5,4,8,2,8,6,9,5,3,6
369:5,5,1,9,8,3,6,1,3,5,1,5,2,2,5,6,5,6,5,9,9,3,8,4,4,1,5,6,4,6
370:8,5,8,6,6,9,9,6,2,5,1,1,1,3,4,6,7,3,8,4,2,3,3,3,6,7,1,1,6,9
371:2,5,1,3,9,6,3,4,7,8,6,8,4,7,4,7,3,6,7,7,1,8,5,5,3,1,8,6,4,4
372:4,3,8,1,5,2,2,9,9,9,4,3,6,1,8,3,6,7,4,3,2,9,2,7,9,7,4,5,2,8
373:9,6,7,3,2,4,7,8,5,9,3,9,6,3,3,9,6,2,7,7,6,4,9,5,6,5,2,3,3,5
374:8,4,2,7,5,7,6,1,6,5,4,8,4,1,1,6,2,4,1,3,2,2,7,1,3,7,9,8,7,8
375:3,1,1,3,7,1,5,4,4,8,1,7,1,3,6,5,2,7,8,7,5,5,6,2,5,4,1,9,9,9
376:7,1,1,5,8,8,9,3,6,9,4,4,1,2,9,6,7,4,8,4,1,7,5,1,4,5,5,2,6,7
377:2,1,1,2,5,9,1,2,1,7,4,1,9,8,7,9,9,7,6,1,4,8,1,4,9,5,1,3,3,3
378:9,2,1,9,9,5,1,4,9,7,9,1,7,2,7,4,2,6,4,2,8,3,2,7,9,5,7,4,2,2
379:9,1,2,9,2,1,1,6,1,3,2,9,2,4,5,3,4,8,9,3,4,1,3,4,2,7,3,2,7,1
380:5,8,9,4,2,9,6,4,6,7,8,8,3,7,9,9,5,7,8,4,9,9,5,8,8,8,2,6,5,3
381:7,1,4,9,2,5,6,3,5,6,7,6,4,4,2,3,5,5,5,2,6,9,1,6,9,2,4,6,6,3
382:6,4,2,9,8,2,7,9,5,1,2,9,8,4,4,2,9,3,4,9,4,1,3,3,6,8,7,8,7,4
383:9,3,9,6,3,2,1,7,5,6,2,7,2,2,3,4,6,4,7,9,9,8,1,1,8,7,1,8,9,6
384:2,1,6,7,2,7,9,5,3,3,3,6,5,3,1,3,8,9,6,9,7,9,8,7,4,5,5,9,9,2
385:9,7,6,9,7,9,1,9,3,2,4,1,3,1,2,1,5,4,1,1,5,6,3,2,8,1,6,7,3,3
386:8,6,4,7,2,2,4,5,2,3,6,1,6,3,6,3,1,7,7,5,7,6,4,9,1,9,8,5,1,5
387:9,2,3,4,8,9,8,9,2,6,8,9,6,4,6,5,5,3,6,7,8,7,3,2,9,4,3,5,6,5
388:2,8,7,5,3,8,3,5,4,7,3,5,9,6,5,2,5,1,6,6,1,7,8,3,4,3,5,3,9,3
389:7,3,4,9,9,4,8,1,8,5,5,3,8,1,4,9,4,3,7,9,9,9,2,3,1,4,4,6,6,6
390:8,9,5,5,9,6,5,2,3,4,9,7,1,7,8,1,2,5,4,7,4,5,6,7,9,4,6,6,7,7
391:7,1,7,5,8,8,9,3,6,9,4,4,1,2,9,6,7,4,8,4,1,7,5,1,4,5,5,2,6,6
392:8,5,2,6,9,1,2,9,9,3,3,6,4,4,3,7,5,9,3,4,7,5,3,4,9,6,7,5,1,4
393:2,5,1,9,4,6,2,4,5,2,9,5,2,4,2,1,6,3,5,2,6,7,6,6,9,9,4,4,2,2
394:5,2,1,4,4,5,3,3,8,8,2,1,5,4,8,5,8,9,5,2,6,8,7,3,8,1,7,8,2,5
395:9,1,6,7,4,5,4,1,3,5,1,9,5,5,8,5,5,2,4,3,6,4,1,5,9,3,4,9,3,5
396:4,6,2,3,4,5,1,2,8,6,6,7,5,9,1,6,5,4,1,6,7,3,6,3,4,9,4,7,2,6
397:3,9,4,1,8,9,9,6,9,7,3,2,9,7,3,2,8,3,3,2,4,7,9,5,8,4,6,3,4,4
398:5,5,6,9,6,4,9,8,4,9,1,4,5,9,7,9,5,3,6,8,8,2,8,6,1,6,5,9,5,3
399:4,1,8,4,4,9,1,7,1,8,9,2,7,2,2,9,8,2,9,8,4,7,5,2,5,3,8,6,8,8
400:5,9,6,6,9,2,8,6,6,1,7,1,8,2,6,6,9,6,5,9,5,3,4,9,3,9,4,6,3,8
401:5,9,4,1,6,9,4,7,8,7,1,2,4,9,7,4,8,2,7,4,7,9,2,1,4,2,9,7,6,8
402:9,6,7,3,2,4,7,8,5,9,3,9,6,3,3,9,6,2,7,7,6,4,9,5,6,5,2,3,3,4
403:4,4,4,8,5,2,8,8,9,2,1,5,6,1,5,4,9,5,2,4,8,8,7,5,9,3,7,4,7,6
404:2,8,8,4,3,8,5,3,5,7,9,8,1,4,1,6,3,2,8,1,7,2,2,8,6,6,3,3,7,7
405:1,7,9,4,6,7,4,9,4,8,5,6,6,2,1,8,6,2,6,4,4,2,4,5,7,1,3,8,2,6
406:6,5,3,7,1,3,4,2,3,7,8,3,7,2,9,4,2,7,8,7,3,6,9,3,9,4,7,9,6,2
407:9,7,1,3,5,9,5,8,9,1,4,2,4,1,8,4,4,3,5,5,8,3,6,1,9,6,5,5,9,2
408:2,4,7,3,5,7,4,4,9,9,8,8,3,4,3,2,6,4,7,8,2,6,4,1,7,5,4,1,2,6
409:2,4,9,3,3,9,4,1,1,1,4,3,4,6,4,3,4,3,9,9,3,2,5,7,3,9,4,8,8,8
410:6,9,4,6,1,9,2,1,7,5,6,8,8,9,5,4,7,3,5,7,5,1,7,1,8,6,9,2,1,2
411:2,6,3,4,6,2,9,6,4,4,2,5,6,6,9,3,8,1,3,5,1,6,8,3,5,7,1,3,5,2
412:2,9,5,9,9,6,5,8,1,5,4,3,4,9,4,6,4,8,6,8,9,5,9,5,2,9,3,2,3,9
413:6,9,7,4,8,8,8,3,5,3,2,5,4,2,5,8,8,5,7,8,9,8,9,4,4,4,7,6,9,6
414:9,7,8,8,5,8,5,6,7,8,3,3,2,9,6,7,9,6,3,3,1,2,8,6,4,6,6,7,2,3
415:3,6,2,9,8,3,8,6,7,1,2,2,1,7,3,5,8,5,4,2,4,9,7,8,4,9,3,4,5,7
416:6,9,7,4,8,8,8,3,5,3,2,5,4,2,5,8,8,5,7,8,9,8,9,4,4,4,7,6,9,8
417:1,4,3,7,6,2,9,3,1,3,2,8,1,8,6,1,7,1,4,3,3,7,6,3,2,7,5,7,1,5
418:3,1,8,1,3,1,4,1,2,9,4,1,9,6,4,2,3,3,7,5,1,9,9,9,2,5,5,3,8,4
419:5,1,6,6,4,9,3,5,6,9,5,4,4,8,5,5,6,2,8,8,5,2,3,3,8,6,1,3,9,2
420:8,8,3,3,9,2,1,5,5,6,8,8,6,3,3,2,2,4,7,8,8,9,3,5,9,7,4,8,9,9
421:4,6,5,8,6,8,6,3,5,6,5,7,5,5,3,8,6,7,3,2,3,5,4,9,5,2,7,9,9,9
422:6,5,7,3,9,3,8,1,6,9,7,6,5,1,1,3,4,4,4,7,8,3,3,8,1,1,5,1,3,6
423:9,8,4,1,7,3,6,4,8,2,1,4,4,5,6,8,3,1,7,2,1,2,9,7,8,6,1,1,3,3
424:5,3,4,8,9,7,7,2,5,6,1,5,9,5,5,3,4,2,3,8,2,2,5,2,5,5,4,5,4,2
425:7,1,1,9,3,1,2,6,5,8,4,4,1,2,8,5,5,7,9,1,8,7,1,2,4,3,2,6,7,2
426:8,5,8,3,9,4,3,4,1,3,3,4,8,4,1,2,7,8,5,5,1,7,9,3,2,8,2,5,8,8
427:3,6,7,7,7,5,1,9,1,3,7,4,1,2,4,6,2,8,2,4,9,6,7,7,8,2,9,8,9,4
428:1,7,9,4,6,7,4,9,4,8,5,6,6,2,1,8,6,2,6,4,4,2,4,5,7,1,3,8,2,1
429:6,2,3,5,6,8,8,6,3,3,7,6,2,3,9,6,6,4,1,4,1,3,7,3,2,9,2,6,6,3
430:7,4,6,9,3,9,1,7,4,4,7,6,1,1,8,2,4,2,3,6,1,6,4,1,6,4,2,2,4,7
431:1,8,8,4,1,2,9,1,1,2,5,6,1,5,7,2,7,1,4,2,8,1,1,9,7,7,1,5,6,9
432:8,5,4,8,5,1,5,9,3,2,2,7,3,3,1,3,1,3,4,1,3,5,3,6,5,7,8,8,7,6
433:4,9,7,5,8,2,9,3,4,1,7,3,8,4,7,5,1,3,8,7,1,9,3,6,9,1,2,2,5,8
434:6,9,2,8,6,6,5,4,9,4,6,9,8,9,7,5,3,8,7,4,8,1,9,9,6,3,9,7,8,3
435:4,3,3,6,6,9,6,5,7,9,2,8,4,1,5,2,3,3,8,8,3,5,7,3,1,9,3,6,7,1
436:2,6,8,3,9,1,9,7,1,1,4,5,7,3,3,8,6,3,4,8,7,9,4,9,6,1,5,8,9,1
437:2,1,2,7,7,6,3,4,5,5,2,2,4,5,9,1,7,3,9,9,1,2,7,9,7,1,4,6,1,8
438:3,1,9,2,1,1,9,3,8,4,6,8,9,4,5,9,5,7,8,8,2,1,9,1,5,6,3,1,3,1
439:7,2,9,9,9,6,8,1,7,9,5,5,6,9,9,2,6,2,3,4,9,8,4,5,4,9,2,4,7,1
440:4,5,6,4,9,5,1,5,2,1,6,4,1,4,4,2,4,3,8,5,5,5,7,4,2,6,4,9,3,5
441:6,9,8,3,2,2,3,1,6,3,9,6,1,7,6,2,1,2,5,7,3,7,5,4,7,3,7,8,7,3
442:2,1,7,4,3,8,4,2,3,5,6,3,4,4,3,8,7,7,5,1,5,4,3,4,9,5,2,6,6,7
443:6,4,9,8,4,9,1,3,2,8,8,2,8,2,4,5,4,2,4,5,8,5,7,2,5,9,8,2,4,7
444:4,2,8,5,8,4,2,9,8,2,6,8,4,4,8,7,2,1,8,7,2,1,4,1,4,4,5,6,7,2
445:9,2,4,9,8,6,8,9,1,3,6,7,1,6,3,8,1,7,9,4,4,5,3,6,2,8,8,6,5,3
446:8,2,3,2,3,1,4,7,7,2,3,9,2,6,1,7,5,5,6,2,5,7,4,8,5,3,4,3,8,9
447:7,5,4,1,7,2,2,7,1,8,2,2,2,3,6,6,7,9,9,6,7,9,1,2,9,2,8,4,3,5
448:8,4,9,5,7,4,7,5,4,3,8,1,1,5,7,8,9,6,9,3,5,1,9,6,8,9,1,5,4,3
449:5,6,7,2,4,4,3,1,5,3,5,3,1,4,2,3,3,4,6,6,6,3,2,7,9,7,5,9,3,9
450:4,2,1,3,9,7,1,7,5,5,8,9,1,7,3,3,1,3,2,8,4,1,4,4,2,9,8,8,2,4
451:2,6,6,7,5,3,3,7,9,3,7,3,5,3,3,4,7,2,7,2,3,4,7,6,2,7,2,9,8,7
452:3,1,1,3,7,1,5,4,4,8,1,7,1,3,6,5,2,7,8,7,5,5,6,2,5,4,1,9,9,3
453:5,8,2,5,8,1,6,1,6,6,7,2,6,3,2,9,7,2,9,3,7,4,9,9,9,7,3,5,3,6
454:3,7,1,8,3,4,1,7,8,4,7,5,3,3,6,9,9,3,1,1,5,9,3,2,9,5,6,6,7,3
455:7,1,7,5,9,2,8,7,5,6,9,5,3,6,9,9,3,6,3,1,6,5,2,9,6,6,1,7,5,7
456:3,5,2,7,4,5,4,2,7,1,8,2,4,9,5,3,9,5,7,9,8,3,7,9,2,1,1,4,4,4
457:9,3,8,9,3,1,2,6,7,4,1,7,5,1,4,7,8,2,1,5,2,3,3,8,5,4,1,8,1,4
458:5,1,7,6,8,2,3,9,5,6,4,6,9,5,1,1,7,5,1,5,9,5,9,8,9,2,9,7,5,9
459:8,6,5,7,2,2,4,5,2,3,6,1,6,3,6,3,1,7,7,5,7,6,4,9,1,9,8,5,1,1
460:6,6,4,4,1,3,6,3,1,9,2,7,3,9,8,3,7,3,5,8,9,4,4,5,8,8,1,9,5,8
461:8,4,2,4,2,3,9,4,9,4,8,7,4,4,4,4,1,2,2,9,7,1,3,6,4,3,9,5,6,5
462:3,6,9,6,9,4,9,7,6,7,1,1,6,5,1,5,5,7,4,9,8,7,4,2,4,3,5,2,6,6
463:5,4,4,3,4,7,6,4,2,9,6,9,5,7,7,8,1,8,8,1,9,5,4,2,8,1,9,4,2,1
464:3,4,7,6,4,5,6,2,7,8,2,2,1,1,6,9,8,2,7,7,8,1,6,8,4,1,5,8,1,2
465:2,2,8,9,3,9,9,2,1,6,3,4,5,6,6,8,3,3,1,2,7,3,6,7,9,3,2,3,4,7
466:3,1,8,6,8,1,9,4,4,5,1,4,5,7,5,1,8,6,8,1,8,8,9,7,6,2,7,8,3,8
467:2,3,9,5,4,2,4,5,3,7,6,8,6,8,1,9,4,6,6,3,5,8,1,7,8,9,6,7,3,1
468:6,6,1,4,4,2,6,1,7,6,5,9,6,7,6,9,9,6,1,1,9,4,7,3,8,9,5,5,1,2
469:3,3,6,7,8,6,5,5,7,8,6,4,5,4,8,1,1,1,1,8,3,2,4,9,7,4,3,8,8,2
470:4,8,9,4,1,5,2,5,4,3,9,7,6,9,3,1,7,6,8,5,4,4,9,7,8,4,5,9,6,5
471:8,3,9,4,9,4,8,6,5,8,2,8,3,4,7,4,2,5,9,3,7,4,2,3,2,8,4,7,2,5
472:1,9,4,7,6,4,5,4,3,1,7,7,7,1,7,9,8,8,6,3,2,2,9,7,6,2,4,2,3,6
473:2,2,9,6,7,7,7,2,9,3,4,6,6,2,9,2,3,7,7,9,1,3,4,4,5,8,5,2,2,2
474:5,6,1,5,9,7,6,9,8,8,1,7,6,2,4,9,7,8,6,9,1,9,4,8,4,9,2,1,6,5
475:1,5,5,9,8,8,7,1,3,2,1,9,9,7,4,5,7,7,5,3,9,4,7,1,9,6,3,8,5,4
476:6,1,9,9,6,5,1,2,8,7,9,2,2,6,5,5,3,6,4,5,7,6,2,1,3,8,5,5,9,3
477:6,5,8,3,7,4,6,9,1,8,1,3,2,3,8,8,8,9,5,4,9,3,3,1,9,7,2,9,1,5
478:1,2,6,3,8,5,5,5,4,5,1,2,8,7,6,2,2,2,5,1,4,7,6,7,6,5,2,2,8,7
479:8,4,4,9,3,3,6,7,2,9,5,8,5,7,5,7,4,7,2,4,2,1,8,2,8,2,1,8,2,7
480:5,8,9,4,2,9,6,4,6,7,8,8,3,7,1,9,5,7,8,4,9,9,5,8,8,8,2,6,5,3
481:3,9,2,4,6,5,1,4,7,1,6,1,1,9,3,1,6,2,9,5,4,6,5,1,2,8,4,4,5,2
482:3,3,1,3,3,9,1,9,6,7,9,4,9,1,6,6,2,8,2,5,4,9,7,5,1,4,9,6,9,1
483:5,2,6,9,8,3,6,4,7,1,6,6,1,9,3,7,3,4,6,4,3,3,9,3,1,1,5,6,8,9
484:8,6,9,9,4,2,8,6,7,4,5,2,7,9,4,4,9,2,2,8,9,9,6,3,1,5,8,6,2,2
485:2,1,2,7,7,6,3,4,5,5,2,2,4,5,9,1,7,3,9,9,1,2,7,9,7,1,4,6,1,8
486:7,6,3,6,4,4,4,5,9,3,3,1,8,6,5,9,2,1,5,5,8,1,9,9,4,8,4,6,7,1
487:7,6,1,1,1,6,2,6,4,8,6,7,8,3,8,8,4,4,4,9,8,1,4,6,9,3,3,4,2,4
488:6,1,9,9,6,5,1,2,8,7,9,2,2,6,5,5,3,6,4,5,4,6,2,1,3,8,5,5,9,3
489:4,2,6,9,8,3,1,8,9,8,4,8,4,6,5,3,6,5,6,7,7,2,7,8,9,7,8,6,8,7
490:1,6,1,9,7,6,2,3,6,4,5,3,5,3,7,4,9,3,2,4,1,7,8,4,6,8,6,6,2,3
491:5,3,1,4,8,4,6,5,6,3,7,4,2,9,6,3,5,5,7,9,1,2,1,5,3,2,6,4,9,3
492:6,9,2,8,6,6,5,4,9,4,6,9,8,9,7,5,3,8,7,4,8,1,9,9,6,3,9,7,8,7
493:5,9,3,2,7,6,4,5,2,3,2,9,7,1,9,5,9,3,7,1,1,8,8,6,2,2,2,3,7,2
494:1,6,1,9,7,6,2,3,6,4,5,3,5,3,7,4,9,3,2,4,1,7,8,4,6,8,6,6,2,3
495:6,3,1,5,5,9,7,7,5,1,1,9,5,3,2,5,4,3,1,5,4,4,6,8,5,3,7,5,7,2
496:9,9,2,7,3,3,3,3,3,6,3,9,5,1,9,8,1,4,9,4,6,3,3,5,6,7,7,4,6,4
497:5,1,5,5,2,2,4,6,1,5,4,8,8,6,1,8,3,6,6,7,1,2,6,9,4,8,1,9,4,9
498:8,4,4,9,3,3,6,7,2,9,5,8,5,7,5,7,4,7,2,4,2,1,8,2,8,2,1,8,4,7
499:5,8,9,4,2,9,6,4,6,7,8,8,3,7,9,9,5,7,8,4,9,9,5,8,8,8,2,6,5,4
500:3,9,2,4,6,5,1,4,7,1,6,1,1,9,3,1,6,2,9,5,4,6,5,1,2,8,4,4,5,1